20.615528
10.413020
5.716815
3.879287
3.010930
2.521223
2.011834
1.970168
1.869250
1.792936
1.727645
1.676449
1.514850
1.396753
1.163963
0.968080
0.801957
0.660907
0.541995
0.442715
0.360832
0.294273
0.241122
0.199558
0.167661
0.143280
0.124804
0.110073
0.098271
0.088811
0.081258
0.075293
0.070674
0.067224
0.064799
0.063279
0.062563
0.062563
0.063211
0.064324
0.065815
0.067608
0.069639
0.071853
0.074203
0.076649
0.079155
0.081689
0.084221
0.086727
0.089188
0.091587
0.093911
0.096148
0.098288
0.100322
0.102241
0.104039
0.105711
0.107254
0.108666
0.109948
0.111100
0.112123
0.113019
0.113790
0.114438
0.114966
0.115378
0.115678
0.115870
0.115960
0.115954
0.115858
0.115678
0.115419
0.115086
0.114683
0.114216
0.113690
0.113110
0.112480
0.111803
0.111084
0.110326
0.109533
0.108710
0.107860
0.106989
0.106102
0.105204
0.104298
0.103390
0.102482
0.101578
0.100681
0.099794
0.098920
0.098061
0.097219
0.096395
0.095590
0.094805
0.094042
0.093299
0.092580
0.091884
0.091211
0.090561
0.089934
0.089330
0.088748
0.088188
0.087650
0.087133
0.086637
0.086162
0.085706
0.085270
0.084851
0.084450
0.084066
0.083698
0.083346
0.083009
0.082687
0.082379
0.082084
0.081802
0.081533
0.081275
0.081028
0.080792
0.080567
0.080351
0.080145
0.079948
0.079760
0.079580
0.079407
0.079242
0.079083
0.078931
0.078785
0.078645
0.078510
0.078381
0.078256
0.078136
0.078021
0.077910
0.077803
0.077699
0.077599
0.077502
0.077408
0.077316
0.077228
0.077142
0.077059
0.076978
0.076899
0.076822
0.076747
0.076674
0.076603
0.076534
0.076466
0.076399
0.076334
0.076270
0.076207
0.076146
0.076085
0.076026
0.075967
0.075910
0.075854
0.075798
0.075744
0.075691
0.075638
0.075587
0.075536
0.075486
0.075436
0.075387
0.075339
0.075291
0.075244
0.075198
0.075152
0.075107
0.075063
0.075019
0.074975
0.074932
0.074890
0.074848
0.074807
0.074766
0.074726
0.074686
0.074647
0.074608
0.074569
0.074531
0.074493
0.074455
0.074418
0.074381
0.074345
0.074309
0.074273
0.074238
0.074203
0.074169
0.074135
0.074101
0.074067
0.074034
0.074001
0.073969
0.073936
0.073904
0.073873
0.073841
0.073810
0.073780
0.073749
0.073719
0.073689
0
